1.00  0.43  0.53  0.47  0.57  0.50  0.47  0.44 
0.43  1.00  0.53  0.30  0.40  0.43  0.47  0.60 
0.53  0.53  1.00  0.40  0.50  0.57  0.47  0.51 
0.47  0.30  0.40  1.00  0.53  0.40  0.40  0.52 
0.57  0.40  0.50  0.53  1.00  0.50  0.43  0.52 
0.50  0.43  0.57  0.40  0.50  1.00  0.43  0.40 
0.47  0.47  0.47  0.40  0.43  0.43  1.00  0.43 
0.44  0.60  0.51  0.52  0.52  0.40  0.43  1.00 